На примере моей страницы

https://api.vk.com/method/users.get?user_id=7000763&v=5.52
{"response":[{"id":7000763,"first_name":"Дмитрий","last_name":"Денисов","hidden":1}]}



https://api.vk.com/method/users.getSubscriptions?user_id=7000763
{"response":
{"users":
{"count":8,"items":[3686745,129244038,309659217,8881535,1,241575572,53083705,247285717]},
"groups":{"count":252,"items":[76982440,23482909,14114,67991642,6726778,37923275,15548215,17842936,4325149,23304496,20629724,37009309,29534144,125004421,32041317,110018608,39444069,77270571,17568841,60556804,63683472,113715893,31480508,75895730,64202288,85529314,67580761,81223392,27532693,135682415,33078588,66982461,90051042,83221497,77266187,65960786,30022666,20537665,32370614,103815643,70426329,4829,103513282,17853372,15722194,55512460,86559535,54628558,91933860,112045029,88099110,132679901,39927738,65543347,73583133,38624893,38925974,53261322,87153842,29369324,93429434,35400728,52071947,108468,57481907,107721653,78242229,24098496,73764141,39098868,101605634,24094338,51850645,83515968,64861119,58737741,29115409,33923105,27958051,25266684,38649830,10933209,110327646,40131273,74404187,86988244,35650310,43986871,39703413,12648877,140101438,47905106,58079338,39966877,97643549,67111680,19334776,364976,26103858,25106701,76769609,47122274,37633522,104613683,34580489,29287308,43656342,90863542,42744677,106684363,33301261,45028660,119732829,83935640,4425938,72662895,31138675,42002588,22898541,87389803,54169820,36184135,82476651,62136284,67461251,30709310,51834025,93592640,32407793,102416469,24565142,18870529,60709088,12248221,71098305,40959947,29906641,121665820,39181412,63351122,121449537,31969346,33685562,75695216,34665995,37119411,49141484,76778444,78543917,82973930,49703118,51254145,356220,71712881,106798607,69547083,88775297,34938229,32408368,79831840,73677867,43933222,52215939,60840857,51258417,29428419,29905631,49884147,67029843,50560478,47263964,33444385,24070381,69527726,40441927,19934197,128255147,76229642,35608871,93224494,80055389,85171267,40442724,64409341,94401926,110298689,6827569,38728140,52031479,60079368,82904811,107862926,8782147,55284725,23240998,23466773,31951896,59336195,93808317,108747209,61926162,60203943,27917858,81752995,98160341,40708953,109121909,81529432,32668156,27632415,39338538,45838400,111655674,36114851,74479926,14795584,16027048,23266096,27578945,27735111,28122932,34384434,36806640,38557204,38718467,42020877,45713297,47031715,47056777,49654011,50124058,54335419,55254806,57008537,58298094,58718249,59207841,63394192,63652255,67635883,68050351,69112211,70409438,71098091,74717958,77970644,79880265,85928959,88042097,91493592,98643151,99709663]}}}

Первые 8 - это люди, на которых подписка, далее группы

Т.е.:

{"response": {"users": {"count":NUMBER,"items":[...,...,...]}, "groups":{"count":NUMBER,"items":[...,...,...,]}}}






https://api.vk.com/method/friends.get?user_id=7000763&v=5.52
{"response":{"count":111,"items":[401705,805684,871519,1518474,1922191,2325714,2385426,2533195,2899288,3013784,3131160,3336744,3498343,3649497,3733468,3896371,3932281,4005893,4059926,4064805,4159440,4348231,4514804,4524900,4810582,5017168,5210271,5451414,5732133,6092358,6144493,6191708,6408508,6618164,6760967,7281505,7383934,8342090,8413382,8502755,8523213,8892756,9299740,10296959,11330157,11944580,11952777,14319388,14394681,15464677,15615693,15784231,16807310,16854375,16894504,16921166,17282486,17744486,17781179,18509630,19311101,19448037,19684161,20342588,21269846,21394994,28449636,29908108,30838548,34576314,34970169,37403738,41954091,42320620,45734411,46099694,46579722,51182128,51195567,51373773,51527391,52048969,52670171,52815303,62865180,67055986,77070168,77502066,78642064,85732905,88396266,88764949,97139865,97786123,98924623,112401224,114390011,132257763,132302156,140736389,144218393,159871038,163870201,180865454,184496257,227548851,235294499,268751074,302455673,336129212,391461995]}}
{"response":{"count":NUMBER,"items":[...,...,...]}}